30 20
 4 11 10 45 12 34  5 61  3  8  8 97 19 59 15 72  6 82  0 57 11 87 13 61  1 90 16  4 17 17 18 69  2 95 14 15  7 97  9 93 
 6 57  1 64  2 15 13 19 11 14  3 54 12 71 14 29 10 17 19 43  7 81 18 87 16 65 17 62 15 80  5 75  0 19  4 48  9 33  8 68 
17 71 15  1  8 90 16 81  1 84 10 19 13 75 14 83  6 25 12 69  0  1  9 80  5 35 18 76  2 37  4 23  3 13 19  4 11 81  7 20 
 7 16  1 91  2 22 17 28 16 89  8 99  9 69  4 22 15 85 14 25  6 60 18 33 13 17  3  6  0 94 11 56 19  8 12 77  5 54 10 82 
10  3  1 51  7 43  3 21 17 66  0 71  2 17 18 98 12 73 16 76  6 93 13 88 11 61  8 79 15  9 19 18  9 31 14 80  5  4  4 32 
 4 44  8 97  3  7  9 54 12 12  2 68  6 26 18 42  5 19 19 92  1 57 11 71 17 67  0  2 13 49 16 40 14 51  7 27 15 35 10 22 
17  5  4 55 13  2 19  6 15 65  3 42  2 19  1 64  7 51 16  4  8 13 10 46 12 52  6 38 11 15  9 87 14 74 18 64  5 80  0 91 
10 92  1 39  0 24 17 71 18 12  7 37 16 64  6 17 15 95 12 52  2  9 11  3  4 87  8 46 14 71  5 29 19 22 13 62  3 43  9 51 
17 78  0 91  9 26  7 81  4 43  2 43  5 93 18 35 11 36 12 74 14 18 13 30 19 15  3 64  8 90 10 75  1 37 15 35  6 39 16 87 
11 14  1 21  9 74 16 30 12 62  3 70  6 87 13 29 10 86 14 88  8 24 19 54  4 11 18 15  0 21  5 29 17 57 15 75  2 57  7 43 
19 40 18 34 14 46 10 97 13 67  5 59  3 65 11 47  8 20  7 22 16 15  0 66  6 20  4 40  2 72 12 73  9 50 15  4 17 88  1 44 
 5 33 18  9  6 84  9 70 17 56 12 60  3 16 14 84 15 13  0 47 19 65  4 76  2 51  1 34 10 53  8 63 16 14 11 84 13 78  7 92 
 2 67  0 18  5 66 18 37 19 65  9 92  7 30 10 57 11  1  4 16  8 89 15 36 17 30  1 49 14  7  6 73 12 20 13 26 16 29  3 42 
10 99 12 72  4 22  8 79 13 60 17 28  2 59 19 95 15 84 16 49  3 86  0 37  6 10  5 68  1 70 11 20 18 71 14 23  7 71  9 51 
 1 39 16 88 19 82  0 41 17 99 15 45  2 11  9 48  3  2  6  8 10 88 18 95  7 64 14  7 13 62  8 19 12 61 11 60  4 45  5 32 
 2 81 14 18  9 77 16 33  3 17  0  9  4  5 12 76 13 75 19 65 17 11 15 69  8 17 18 66 11 36  7 23  6 75  1 64  5 14 10 42 
17 47  8 51 19 60  7 94  4 15 18 13 12  8 13 16  3 61 11 72  6 69  9 17  1 44  5 84 10 97 15 93  0 91 14 60  2 99 16 57 
13 28  2 70  6 42 14 96 18 14  7 81  8 57  0 16 16 45  1 44  3 40 10 11 19 70  4 97 12 20 11 80  5 24 15 27 17 55  9 13 
15 92 19  4 11 31  0 76  4 91 10 66  7 59  1 97  8 15  6 27  9 15 18 62 14 82 13 94  3 55 12 52  2 77  5 39 16 38 17 53 
17 17  8 99  4 47 10 82 12 14  0  2 11 82  9 69  7  6 16 89 18 66 19 39  1  9 13 90  3 91  6 63  2 13 14 34 15 36  5 81 
 8 99  1 68 11 56 19 70 16 72  5 77 17 51  7 64  2 66 15 57 12 74  0  9  9 72  3 94 13 63  6 21  4 39 10 23 14 80 18  8 
16 67 13 22  0 59  1 37 10  6 15 64 14 17  8 50 17 45 18 30 19  7  2 78  4 72 12 36  7 23  6 94  9 25 11 74  3  6  5 97 
 7 42  6 90  4 28 17 19 15  7 14 97 19 82  8 41 10 69  0 47  3 76 12 88 16 11  5 68 13 70  9 31 18  8  2 81  1  3 11 84 
 9 62  1 34  4 98 11 65 17 12 16 66 12 32 14 60  6 12  2 85 15 73  5 55 10 97  0 24  8  9 13 26 18 92  3  3  7 41 19 83 
12 12  3 93 14 74 10 20  0 33  4 89 11 41  5 96 15  4  9 99  2 47  6 23  8 12 13 91 18 25 17 83  1 34 16 83  7 70 19 27 
18  3  9 26  6  8  4 42 11 70 19 17  8 56 10 31  3 29  0 88 13 60 15 81 12 23  2 23 16 43  5 29 17 74  7 29  1 30 14 63 
 5 67 10 66  1 88 14 78 11 79 18 37 16  6  7 35  9 61 13  3 17 67 15 51  2 64 12 69  6 65  3 90  8 95  4 11  0 28 19 50 
 5 54  6 52  8 16  3 39 15 56 19 51  4 49  2 70 16 59 14 66 13 57 10 74  1 86  7 83 18 82  9 65  0 40 11 89 12 53 17  3 
18 68  8 44  1 62 14 25  4 69  6 48 15 68 10 70  7 61 13 51 17 74  5 24 11 54 16 69  3 69 12 33  2 61  0 18  9 36 19 78 
 6  7 13 26  5 79  8 65  2 16 18  3 17 71 19 62 14 42 10 44  7 73 15 79  0  9  9 61 11 63  4 12  1 47  3 67 16 34 12  5 
