30 20
 5 51  0 93  6 49 16  1  2 52 15 26 19 74 10 59 12 44 13  8  4 81  3 95  9 68 17 57 18 57  1 40  7 17  8 92 14 88 11  6 
17 75 11 22 16 11 13 49  1 31  7 32  4  5 14 51 10 14  8 43  2 43 19 24  3 83 12 67  6  2  5 45  0 75 15 35  9 50 18 95 
15 80  9 13 18 36 19 51  1 63 16 58 17 30  8 75  0 72 14 92 13 13  2 13  7 92  3 12 12 76 11 29  5 64  6 58 10 26  4 21 
13 91  1 95 19 51  2 75 10 89  6 56  8 74  3 60  0 86 16 70  9 97  5 11 14 61 17 68 15 43 11  5 12 17  4 18 18 14  7 93 
13 40  3  9  2 80 19 82  1 67  0 33 15 84  6 39 18 48 14 89  5 95 16 60 17  4  9 99 11 92 10 52 12 79  7  9  4 89  8 54 
 6 55 17 70 14 95 19 60  7  9 12 82  3 52 18 30  5  6 11 27  8 57  0 89  1 63 15 29 16 55 10 37 13 66  4 16  2 87  9 63 
 0 44 10 47 15 90 11 35 17 79 14 57  5 58  6 98  8 62  3  8  9 31 16 94 12 49  2 90  1 11 19 63 18 22 13 44  7 96  4 86 
 9 63 10 80  8 72 13 83 16 25 18 55 15 68  3 42  6 70  5 64  1 24 11  7 14 45  0 12  7 17 17  8  2 41 12 88  4  7 19 83 
 4 68  6 99 19 37  5 33  2 72  9 98 16 92 18 28  7 14  8 16 12 99  1  9 15 93 13 25 17  8 10 64  0  4 14 74  3 35 11 37 
17 79  1 34 12 36  5 83  2 48  3 23  8  2  7  5  6 16  9 76 19 10 15 95 14 12 10 94  4 46 18 53 11 35 16 73 13 78  0 55 
17 31 15 75 11 11  0 92  7 46  6 84  5 39  9 17  4 83 12 87 10 86  2 93 14 68 16 67 19 83  3  4 13 96  8  3  1  7 18 51 
13  4 14 50  2 20  5 74  0 37 11 95 16 65 17 83 15 98  9 25 18 64  6 90 19 51  7 61 12 97  3 70  4 14  1 13 10 99  8 83 
 3 41  5 81 13 93  0 78 14 53 12 66 11 40 16  8  2 63 19 66  8  2  9 36 15 24  4 61  7 75 17 27  6 71 18 23 10 18  1 60 
15 87  5 29 18 36 17  2  6 18 16  2 13 11 12 47  3 94  2 92  9 58  0 93  1 47 14 90  8 28 10 54 11 28 19 84  4 68  7  4 
10 23  6 74 19 95 15 64  4 21 17 46  8 86  1  8 12 58 18 64  0 99  9 29  3 47  5 64 13  6 11 25  2 63 16 59  7 96 14 19 
 3 75  9 75 16 76  6 83  7 22 11 98 14 85  8 75 18 11 12 64  5 21 17 94 19 46 10 63  2 78  1 35  0  9 15 16 13 39  4 28 
13 57 18 66  5 46  6 84  8 16  0 19  4  1 10 29  7 65 12 42  1 87 15 38  3 88 16 83 19 86  2 21 11 38 17 61  9 29 14 74 
 5 66 15 74  1 43  2 55 19 86 18 69 12 11 13 12 16 61 17 56 14 56  9 77  0 80 11 16 10 13  3 14  8 14  4 96  6 88  7 20 
 8 52 14  1  6 82  3 57 11 18  4 94 12 44 15 81  1 25  0 75 17 29  7 74  5 10 10 24 19 63  2 42 18 62 13 98 16 67  9 72 
10 81  0 95 14 46  2  6 16  5 19 18 17 79  6 43  3 28  8 27 12 84 11 83  7 99 13 60 15 86  9 21  1 13  5 28  4 91 18 20 
17 63 14 56  1 24  4 43  7 30 16 22  0 31 18 64 19 56 13 62 15 25  8 85  2 13 11 76 10 63  6 51  3 87 12 21  9 65  5  1 
14 54 16  1 17 71  5 76  4 23  8 90 10 19 12 97  3 84 19 27  2 70  9 38 18 62 13 94 15 47  0 22  7 52  1 21  6 11 11 97 
 1 91 14 67  2 12  8 75 13 42  6 38 12 63  3 92  5 41 18 14 17 28 11 84 10 39  0 49  7 23 19 58 15  9  4 19 16 17  9 46 
 7 89 11 44  3 61  9 63  8 95  4 70 18 49  5 99 14 44  0 68 10 86 13 86  1 11  2 13 15 17 17 85 19 62  6 80 12 37 16  2 
19 39  6 42  9 19 16 81 17 46  8 87 14  7 11 58  7 27 10 97 18 53  2 21  3 69  0 97  1 64 12 47  4 11  5 43 15 67 13 11 
13 41 19  6  0  7  5 80 14 93  8 12 10 54 17 12 15 38 12 30 18 68  3 36 16 19 11 46  6 71  1 71  7 94  2 66  9 99  4 57 
16 57 18 55 11 46 15 15 17 61  4 64  9 19  1 14 10 49  5 58 13 54  3 54  8 50  0 32 14 40  2 47 19 70 12 97  7 50  6 65 
 7 53  0 32 18  2 16 85  6 17 13 94 17 46  5 83 14 63 11 67  9 46 19 84  3 34 12 22  4 24  8 70 10 63 15 14  1 76  2 67 
17 25 16 83  9 87  1 50  0 60 15 63 11 86  5  5  3 11 18 27 12  8 14 32 13 16  2 49  7 20 19 42 10 59  8 13  4 86  6 38 
 7 64  1 20 16 31 17 14  3 50 13 93  0 72 19 74  6 13 10 42  9 18  8 25 15 83 18 33  5 21  2 92 11 48 14 60 12  4  4 80 
