30 20
11 38 18 65 19 92  9 13  1 61 10 56  3 95 13 77  7 40  5 23 15 87  0 96  4 95  6 51  8 98 17 44 16 10  2 57 14 44 12 28 
 8 81 15 37 18 13 16 48  6  7  0 87  2 12 11 23 13 83  7 69 10 26 19 61  9 16 12 60  3 79 17 52 14 84  4 93  5 73  1 92 
17 70 18  1  2 72  4 36 14 66  7 65 10 62 12 98 13 22  0 65 19 26 15 89  5 12 16 52  1 73 11 52  9 28  6 60  8 11  3 26 
 2  4 17 27  4 65 10 39  9 93  6 12 12 92  8 86  5  9 18 87  3 65  7 79 16 92 11 41 19 97 14 45 15 84 13 89  1 64  0 37 
 4 60 11 89 18 16  9 24  2 49 12 93 16 80  5 35  7 61  6 46  8 36 15 68  3 23 13 13 14 51 10 25  0 76  1 46 19 98 17 58 
 4 35  6 18 16 72 18 86 14 99  2 52  7 48  9 98  1 58 15  7 10 26 12 15  5  3  8 37 19 92 13  9 17 63  3 20  0 91 11 86 
19 56 14 10 11 62  3  8  6 50  9 19 15 53  4 69  2 67 12  8 17 10 10 22 13 40  8 85  0 44 16 22  7  1  1 90  5 47 18 59 
 6 82  9 83 17 75 12 89 16 72  5 39  0 47  8 39  1 15  3  1 14 64 13 66  7 17  2 68  4 43 15 63 18 96 11 37 10 64 19 35 
10 58 16 48 17 19  5 17 15 33 18 29 14 46  2 81  0 11  1 88  4 58 13 70  7 99 12 96  9 90  6 46  8 69  3 92 19  4 11 45 
 6 74 11 78 15 79 17 44 14  2  9 63  7 68 10 57 16 33 19 90  8 69  1 91  4 35 13 80  5 26  0 44  3 91 12 27 18  2  2 61 
10 59 11 46  7 81 14 42  5 53  2 44 19 21 15 45  1 91 12  4  8 76  0 18 16 72 13 78  9 20  4 44 17 52  3 37 18 68  6 33 
19  2  9 63  0 82  3 37 14  3  7 53 13 89  6 31 11 63  8  6 15 98 10  2  4 23 12 38  1 87  2 91 18 60 17 55  5 93 16 38 
 6 74 16 85 10 55 13 52  9 87 18 25 14 85  4 33  1 42  8 65 17 59  5 91  2 91 12 16  3 30 19 62  0 70  7 14 15 35 11 19 
 4 16 11 23  5 70  0 41 15 12 12 99 13 26 19 43 14 14  3 91 16 50 10 78  9  1  1  2 18  4  6 80 17 14  8 63  7 55  2 14 
 1 86 12 32  3 56 15 81 11 52  2 14  5  7  8 74 16 33  9 69 17 23  7 68  4 45 13 19  6 38 14 35  0 21 10 42 19 86 18 98 
19 33 12 51  7 96 14  5 13 56 10 90  2 50 11 41  3 34  0 93 16 61 17 67  9 60  1 31 18  5 15 41  8 85  5 58  6 57  4 10 
16 25 19 92 12 17  9 94  3 67  5 60  6 71 17 28 13 70  4 97  8 56  7 29  1 56 10 41 14 57  0 70 11 26 15 50  2  2 18 44 
 7 27  6 48  0 85 19 17  9  1  3 86 16 88  8 43 11 58  4 82 12 51  2 59 13 38 17 99 18  7 15 49  1 88 14 56  5 80 10  1 
12 61  9 48 19 90 14 59  7 80  8 44  0 26 13 44 16 86 11 31  6 72  3 29  1 68  2 29  4 49  5 23 10 59 15 61 18 70 17 49 
 1 37  4 45 18 24 11 88  0 18 16 33 12 42  8  4 13  7  7 69  2 68 19 39  3 87  5 61  9 42 15 16 17 43 14 83 10  6  6 36 
10 91 16 35  3  9  5 98  4 49  7 96 11 68 19 81 15 10 14 58  9 21  8 90  6 26 18 36 12 91  0 52  1  9  2 49 13 15 17 80 
 5 11  4 78  7 59  8 47  0 11 11 24  1 55  3 87 17 28 14  2 16 23 19 38 15 71 13 69 10 97  6 74 12 43  2 57  9 44 18 23 
13 13 14 54 16 19  5  3  0  4  7 13 18 77 12 74  1  2  3 66 19 81 17 60 11 38  4 90  2 67  9 34 15 27  8 57  6 72 10  7 
14 29 16 69 19 13 15 96  7 90 11 24  4 90  9  3 10 57  3 83 18 78  6  4 13 24 17 65  2 44  0 21  5 56 12 73  1 93  8 97 
 8 53 13 13  6 18  5 33  1 79 19 45 14 17 17 47  9 45  0 79 12  7 11 89  3 51  4 32  7 26 10 32 15 43 18 62 16 31  2 14 
 1 46  4 78 10 10  7 13  0 32  9 63 14 71  5 66  2 40 18 13  6 50  3 97 19 41 16 95 11 58 12 57 15 63 17 42 13 56  8 31 
10 88 14  2 12 34  6 19 18 86  2 90 13 84  8 40  9 52 19 66 11 76 15 62 17 27  7 28  0  5  5 72 16 54  3 46  1 57  4 66 
14 98 13 44  1 33  5 20 17 74  2 30  4  4 18 88  3 19 12 85 19 81  0 29 10 72  9 79 11 54  8 37  7 95 15 11 16 11  6  2 
 5 48 11 34 16 25 12 26 15 53 10 97  0 26  2 23 14 36  4 17  8 65  1 97 18  5  9 13 17 71  7 32 19 26  6  6  3 47 13 57 
19 22 14 87  4 89  8 41  0 70  1 35 15 95  9 62  3 57 12 52  6 18 13 94 17 60  7 34 11 87 16 22  5 96  2 59 18 81 10 90 
